ID	IJC_SAMPLE_1	SJC_SAMPLE_1	IJC_SAMPLE_2	SJC_SAMPLE_2	IncFormLen	SkipFormLen	PValue
13	1,0	1,0	1,0	0,0	139	49	1
14	2,1	1,2	2,1	1,1	571	49	0.643578018285
87	0,2	1,1	0,0	0,1	3354	49	1
230	1,0	4,4	1,1	4,1	1129	49	1
255	0,0	1,1	0,2	0,3	141	49	1
257	0,0	0,1	2,0	1,0	515	49	1
272	2,0	0,0	0,0	0,1	2208	49	1
324	1,0	2,3	1,0	0,0	137	49	1
334	2,0	2,0	1,2	0,0	1285	49	1
370	1,1	1,1	0,1	0,0	368	49	1
371	1,0	3,1	0,1	0,1	358	49	1
373	0,1	7,3	0,0	1,2	226	49	1
374	1,0	2,4	0,0	1,1	224	49	1
376	0,1	4,2	0,0	4,1	374	49	1
489	1,2	0,1	0,2	0,0	2537	49	1
526	0,0	0,1	0,1	0,0	137	49	1
541	0,1	0,0	0,0	0,1	316	49	1
574	0,0	1,0	2,0	1,0	140	49	1
619	0,0	3,0	1,0	1,0	938	49	1
663	0,1	0,0	0,0	0,1	124	49	1
676	0,0	0,1	0,1	0,0	752	49	1
711	0,2	0,0	0,0	0,1	2884	49	1
727	1,0	5,4	0,2	2,1	128	49	1
729	1,0	0,2	0,3	1,1	422	49	0.555516875198
791	0,1	1,0	2,3	1,0	1285	49	0.392105789684
797	1,0	1,0	0,2	0,0	1333	49	1
894	0,1	3,3	0,0	3,1	598	49	1
907	1,1	0,0	0,0	1,1	195	49	9.47857081712e-09
962	0,1	0,0	0,0	0,1	315	49	1
969	0,1	0,1	1,0	0,1	530	49	1
1004	1,0	3,0	1,0	3,0	412	49	1
1005	0,3	0,0	1,0	1,1	169	49	1
1014	0,1	2,3	0,1	1,2	145	49	1
1064	1,1	3,0	0,1	0,1	212	49	1
1086	1,0	0,0	0,0	0,1	2827	49	1
1179	1,0	0,0	0,0	1,0	143	49	1
1287	0,0	6,5	0,1	2,5	275	49	1
1291	2,0	2,6	0,2	1,1	288	49	1
1434	1,2	14,15	1,2	14,11	157	49	0.914029218053
1460	1,0	1,0	0,0	0,1	122	49	1
1493	0,1	0,1	1,0	0,0	145	49	1
1494	0,0	1,0	1,0	1,0	170	49	1
1497	8,6	0,0	9,10	1,0	2504	49	1
1499	1,2	0,1	1,0	0,0	222	49	1
1535	0,1	0,0	4,0	0,1	793	49	1
1586	0,0	1,0	4,0	0,0	1103	49	1
1602	0,0	1,0	1,0	1,0	226	49	1
1642	0,1	0,3	0,0	1,2	557	49	1
1765	0,2	5,2	0,0	1,0	441	49	1
1767	2,0	3,2	1,2	1,0	1358	49	0.733066632371
1793	1,1	4,1	0,0	1,0	122	49	1
1794	2,0	4,2	3,2	1,3	402	49	0.159122032377
1912	0,1	0,1	0,0	4,1	133	49	1
1930	3,0	1,0	1,1	0,0	255	49	1
1931	0,1	0,0	1,1	0,1	520	49	1
2022	0,0	3,0	2,0	0,2	583	49	1
2044	0,1	0,0	0,0	1,0	1050	49	1
2074	0,0	1,1	0,1	2,0	133	49	1
2097	2,2	7,6	3,4	4,4	490	49	0.142829808631
2098	1,0	4,3	0,0	5,6	183	49	1
2110	0,1	1,0	0,1	1,0	647	49	1
2112	0,1	0,1	0,0	1,0	217	49	1
2224	3,0	0,0	0,2	1,0	579	49	1
2262	1,0	1,4	0,0	5,4	243	49	1
2264	0,1	3,3	0,2	3,0	370	49	0.430008041155
2366	0,3	1,1	1,0	0,0	230	49	1
2369	1,0	0,1	0,0	1,0	217	49	1
2372	1,0	1,0	1,0	0,0	276	49	1
2373	0,0	1,0	0,1	1,0	331	49	1
2431	0,0	1,0	0,2	0,0	551	49	1
2497	1,0	6,3	0,0	0,2	675	49	1
2652	0,2	4,4	0,0	1,0	1497	49	1
2727	1,0	0,0	0,0	1,0	1273	49	1
2803	0,0	1,1	1,0	1,0	501	49	1
2804	0,0	1,0	1,0	1,0	355	49	1
2815	0,0	0,1	0,1	0,0	185	49	1
2916	0,0	1,1	2,2	0,0	759	49	1.24588894757e-09
3038	0,0	5,2	1,0	1,2	261	49	1
3237	1,0	0,0	0,1	0,1	354	49	1
3364	0,1	0,2	0,3	2,1	270	49	1
3568	0,0	0,1	1,0	1,0	128	49	1
3631	0,0	0,1	1,0	0,0	217	49	1
3754	0,0	0,1	2,0	0,0	1695	49	1
3779	0,1	0,2	1,0	2,2	150	49	1
3949	3,2	2,1	1,2	1,0	1894	49	0.421516543954
3967	1,0	0,1	0,2	3,1	660	49	1
4028	0,0	0,1	0,1	0,0	134	49	1
4031	0,0	0,2	0,1	0,0	554	49	1
4055	0,1	0,1	0,0	0,4	519	49	1
4120	1,1	0,0	0,3	1,0	354	49	0.0966599662336
4252	0,0	3,2	0,1	1,1	478	49	1
4324	0,1	0,1	0,1	0,0	140	49	1
4327	0,0	0,1	0,1	0,0	124	49	1
4368	2,3	2,6	1,0	5,3	158	49	0.015499029571
4383	3,0	6,5	0,2	1,2	1055	49	0.543247474707
4581	0,0	0,1	2,0	0,0	2686	49	1
4588	0,2	0,0	0,0	1,0	4173	49	1
4823	0,1	3,7	3,0	3,5	326	49	0.710213549763
4825	0,1	3,4	0,1	0,1	667	49	1
4893	1,3	3,5	0,0	5,0	505	49	1
4894	4,3	2,3	0,2	2,2	453	49	0.0492057118873
4900	0,0	1,0	0,1	0,0	1155	49	1
4903	0,0	1,0	2,1	0,0	772	49	1
4906	2,0	0,0	0,0	1,1	491	49	1
5006	0,0	1,0	1,2	0,1	225	49	1
5008	0,2	0,0	0,0	0,1	378	49	1
5058	1,0	0,0	0,0	0,2	199	49	1
5064	0,0	0,1	0,1	0,0	142	49	1
5089	4,2	0,0	2,0	1,0	312	49	1
5090	3,2	5,1	2,0	4,4	305	49	0.125074685544
5199	2,0	1,1	0,0	1,0	138	49	1
5257	0,0	0,1	1,0	0,0	350	49	1
5272	0,0	1,0	1,0	0,0	1518	49	1
5288	0,2	4,4	2,1	5,2	178	49	0.327011149281
5351	2,3	1,1	2,0	0,1	3066	49	0.616498710756
5513	0,0	0,1	1,0	1,1	1624	49	1
5525	1,1	1,1	3,0	0,0	924	49	1
5541	0,1	0,0	0,0	1,0	206	49	1
5577	0,0	1,1	0,1	2,0	293	49	1
5590	1,1	1,1	0,0	0,1	282	49	1
5623	0,0	3,4	0,1	1,0	307	49	1
5641	2,1	1,0	2,0	0,0	1640	49	1
5667	1,1	4,4	0,1	1,1	153	49	0.25788279514
5912	1,0	3,2	0,0	0,1	300	49	1
5979	0,1	0,0	0,0	1,3	479	49	1
5991	0,1	0,2	0,2	4,1	676	49	1
6010	0,1	1,2	0,0	3,2	242	49	1
