ID	IJC_SAMPLE_1	SJC_SAMPLE_1	IJC_SAMPLE_2	SJC_SAMPLE_2	IncFormLen	SkipFormLen	PValue	FDR	IncLevel1	IncLevel2	IncLevelDifference
13	1,0	1,0	1,0	0,0	139	49	1	1.0	0.261,NA	1.0,NA	-0.739
14	2,1	1,2	2,1	1,1	571	49	0.643578018285	1.0	0.146,0.041	0.146,0.079	-0.019
87	0,2	1,1	0,0	0,1	3354	49	1	1.0	0.0,0.028	NA,0.0	0.014
230	1,0	4,4	1,1	4,1	1129	49	1	1.0	0.011,0.0	0.011,0.042	-0.021
255	0,0	1,1	0,2	0,3	141	49	1	1.0	0.0,0.0	NA,0.188	-0.188
257	0,0	0,1	2,0	1,0	515	49	1	1.0	NA,0.0	0.16,NA	-0.16
272	2,0	0,0	0,0	0,1	2208	49	1	1.0	1.0,NA	NA,0.0	1.0
324	1,0	2,3	1,0	0,0	137	49	1	1.0	0.152,0.0	1.0,NA	-0.924
334	2,0	2,0	1,2	0,0	1285	49	1	1.0	0.037,NA	1.0,1.0	-0.963
370	1,1	1,1	0,1	0,0	368	49	1	1.0	0.118,0.118	NA,1.0	-0.882
371	1,0	3,1	0,1	0,1	358	49	1	1.0	0.044,0.0	NA,0.12	-0.098
373	0,1	7,3	0,0	1,2	226	49	1	1.0	0.0,0.067	0.0,0.0	0.034
374	1,0	2,4	0,0	1,1	224	49	1	1.0	0.099,0.0	0.0,0.0	0.05
376	0,1	4,2	0,0	4,1	374	49	1	1.0	0.0,0.061	0.0,0.0	0.03
489	1,2	0,1	0,2	0,0	2537	49	1	1.0	1.0,0.037	NA,1.0	-0.482
526	0,0	0,1	0,1	0,0	137	49	1	1.0	NA,0.0	NA,1.0	-1.0
541	0,1	0,0	0,0	0,1	316	49	1	1.0	NA,1.0	NA,0.0	1.0
574	0,0	1,0	2,0	1,0	140	49	1	1.0	0.0,NA	0.412,NA	-0.412
619	0,0	3,0	1,0	1,0	938	49	1	1.0	0.0,NA	0.05,NA	-0.05
663	0,1	0,0	0,0	0,1	124	49	1	1.0	NA,1.0	NA,0.0	1.0
676	0,0	0,1	0,1	0,0	752	49	1	1.0	NA,0.0	NA,1.0	-1.0
711	0,2	0,0	0,0	0,1	2884	49	1	1.0	NA,1.0	NA,0.0	1.0
727	1,0	5,4	0,2	2,1	128	49	1	1.0	0.071,0.0	0.0,0.434	-0.181
729	1,0	0,2	0,3	1,1	422	49	0.555516875198	1.0	1.0,0.0	0.0,0.258	0.371
791	0,1	1,0	2,3	1,0	1285	49	0.392105789684	1.0	0.0,1.0	0.071,1.0	-0.035
797	1,0	1,0	0,2	0,0	1333	49	1	1.0	0.035,NA	NA,1.0	-0.965
894	0,1	3,3	0,0	3,1	598	49	1	1.0	0.0,0.027	0.0,0.0	0.013
907	1,1	0,0	0,0	1,1	195	49	9.47857081712e-09	6.01889246887e-07	1.0,1.0	0.0,0.0	1.0
962	0,1	0,0	0,0	0,1	315	49	1	1.0	NA,1.0	NA,0.0	1.0
969	0,1	0,1	1,0	0,1	530	49	1	1.0	NA,0.085	1.0,0.0	-0.415
1004	1,0	3,0	1,0	3,0	412	49	1	1.0	0.038,NA	0.038,NA	0.0
1005	0,3	0,0	1,0	1,1	169	49	1	1.0	NA,1.0	0.225,0.0	0.887
1014	0,1	2,3	0,1	1,2	145	49	1	1.0	0.0,0.101	0.0,0.145	-0.022
1064	1,1	3,0	0,1	0,1	212	49	1	1.0	0.072,1.0	NA,0.188	0.348
1086	1,0	0,0	0,0	0,1	2827	49	1	1.0	1.0,NA	NA,0.0	1.0
1179	1,0	0,0	0,0	1,0	143	49	1	1.0	1.0,NA	0.0,NA	1.0
1287	0,0	6,5	0,1	2,5	275	49	1	1.0	0.0,0.0	0.0,0.034	-0.017
1291	2,0	2,6	0,2	1,1	288	49	1	1.0	0.145,0.0	0.0,0.254	-0.055
1434	1,2	14,15	1,2	14,11	157	49	0.914029218053	1.0	0.022,0.04	0.022,0.054	-0.007
1460	1,0	1,0	0,0	0,1	122	49	1	1.0	0.287,NA	NA,0.0	0.287
1493	0,1	0,1	1,0	0,0	145	49	1	1.0	NA,0.253	1.0,NA	-0.747
1494	0,0	1,0	1,0	1,0	170	49	1	1.0	0.0,NA	0.224,NA	-0.224
1497	8,6	0,0	9,10	1,0	2504	49	1	1.0	1.0,1.0	0.15,1.0	0.425
1499	1,2	0,1	1,0	0,0	222	49	1	1.0	1.0,0.306	1.0,NA	-0.347
1535	0,1	0,0	4,0	0,1	793	49	1	1.0	NA,1.0	1.0,0.0	0.5
1586	0,0	1,0	4,0	0,0	1103	49	1	1.0	0.0,NA	1.0,NA	-1.0
1602	0,0	1,0	1,0	1,0	226	49	1	1.0	0.0,NA	0.178,NA	-0.178
1642	0,1	0,3	0,0	1,2	557	49	1	1.0	NA,0.028	0.0,0.0	0.028
1765	0,2	5,2	0,0	1,0	441	49	1	1.0	0.0,0.1	0.0,NA	0.05
1767	2,0	3,2	1,2	1,0	1358	49	0.733066632371	1.0	0.023,0.0	0.035,1.0	-0.506
1793	1,1	4,1	0,0	1,0	122	49	1	1.0	0.091,0.287	0.0,NA	0.189
1794	2,0	4,2	3,2	1,3	402	49	0.159122032377	1.0	0.057,0.0	0.268,0.075	-0.143
1912	0,1	0,1	0,0	4,1	133	49	1	1.0	NA,0.269	0.0,0.0	0.269
1930	3,0	1,0	1,1	0,0	255	49	1	1.0	0.366,NA	1.0,1.0	-0.634
1931	0,1	0,0	1,1	0,1	520	49	1	1.0	NA,1.0	1.0,0.086	0.457
2022	0,0	3,0	2,0	0,2	583	49	1	1.0	0.0,NA	1.0,0.0	-0.5
2044	0,1	0,0	0,0	1,0	1050	49	1	1.0	NA,1.0	0.0,NA	1.0
2074	0,0	1,1	0,1	2,0	133	49	1	1.0	0.0,0.0	0.0,1.0	-0.5
2097	2,2	7,6	3,4	4,4	490	49	0.142829808631	1.0	0.028,0.032	0.07,0.091	-0.051
2098	1,0	4,3	0,0	5,6	183	49	1	1.0	0.063,0.0	0.0,0.0	0.032
2110	0,1	1,0	0,1	1,0	647	49	1	1.0	0.0,1.0	0.0,1.0	0.0
2112	0,1	0,1	0,0	1,0	217	49	1	1.0	NA,0.184	0.0,NA	0.184
2224	3,0	0,0	0,2	1,0	579	49	1	1.0	1.0,NA	0.0,1.0	0.5
2262	1,0	1,4	0,0	5,4	243	49	1	1.0	0.168,0.0	0.0,0.0	0.084
2264	0,1	3,3	0,2	3,0	370	49	0.430008041155	1.0	0.0,0.042	0.0,1.0	-0.479
2366	0,3	1,1	1,0	0,0	230	49	1	1.0	0.0,0.39	1.0,NA	-0.805
2369	1,0	0,1	0,0	1,0	217	49	1	1.0	1.0,0.0	0.0,NA	0.5
2372	1,0	1,0	1,0	0,0	276	49	1	1.0	0.151,NA	1.0,NA	-0.849
2373	0,0	1,0	0,1	1,0	331	49	1	1.0	0.0,NA	0.0,1.0	-0.5
2431	0,0	1,0	0,2	0,0	551	49	1	1.0	0.0,NA	NA,1.0	-1.0
2497	1,0	6,3	0,0	0,2	675	49	1	1.0	0.012,0.0	NA,0.0	0.006
2652	0,2	4,4	0,0	1,0	1497	49	1	1.0	0.0,0.016	0.0,NA	0.008
2727	1,0	0,0	0,0	1,0	1273	49	1	1.0	1.0,NA	0.0,NA	1.0
2803	0,0	1,1	1,0	1,0	501	49	1	1.0	0.0,0.0	0.089,NA	-0.089
2804	0,0	1,0	1,0	1,0	355	49	1	1.0	0.0,NA	0.121,NA	-0.121
2815	0,0	0,1	0,1	0,0	185	49	1	1.0	NA,0.0	NA,1.0	-1.0
2916	0,0	1,1	2,2	0,0	759	49	1.24588894757e-09	1.58227896341e-07	0.0,0.0	1.0,1.0	-1.0
3038	0,0	5,2	1,0	1,2	261	49	1	1.0	0.0,0.0	0.158,0.0	-0.079
3237	1,0	0,0	0,1	0,1	354	49	1	1.0	1.0,NA	NA,0.122	0.878
3364	0,1	0,2	0,3	2,1	270	49	1	1.0	NA,0.083	0.0,0.353	-0.093
3568	0,0	0,1	1,0	1,0	128	49	1	1.0	NA,0.0	0.277,NA	-0.277
3631	0,0	0,1	1,0	0,0	217	49	1	1.0	NA,0.0	1.0,NA	-1.0
3754	0,0	0,1	2,0	0,0	1695	49	1	1.0	NA,0.0	1.0,NA	-1.0
3779	0,1	0,2	1,0	2,2	150	49	1	1.0	NA,0.14	0.14,0.0	0.07
3949	3,2	2,1	1,2	1,0	1894	49	0.421516543954	1.0	0.037,0.049	0.025,1.0	-0.469
3967	1,0	0,1	0,2	3,1	660	49	1	1.0	1.0,0.0	0.0,0.129	0.435
4028	0,0	0,1	0,1	0,0	134	49	1	1.0	NA,0.0	NA,1.0	-1.0
4031	0,0	0,2	0,1	0,0	554	49	1	1.0	NA,0.0	NA,1.0	-1.0
4055	0,1	0,1	0,0	0,4	519	49	1	1.0	NA,0.086	NA,0.0	0.086
4120	1,1	0,0	0,3	1,0	354	49	0.0966599662336	1.0	1.0,1.0	0.0,1.0	0.5
4252	0,0	3,2	0,1	1,1	478	49	1	1.0	0.0,0.0	0.0,0.093	-0.046
4324	0,1	0,1	0,1	0,0	140	49	1	1.0	NA,0.259	NA,1.0	-0.741
4327	0,0	0,1	0,1	0,0	124	49	1	1.0	NA,0.0	NA,1.0	-1.0
4368	2,3	2,6	1,0	5,3	158	49	0.015499029571	0.656125585172	0.237,0.134	0.058,0.0	0.157
4383	3,0	6,5	0,2	1,2	1055	49	0.543247474707	1.0	0.023,0.0	0.0,0.044	-0.01
4581	0,0	0,1	2,0	0,0	2686	49	1	1.0	NA,0.0	1.0,NA	-1.0
4588	0,2	0,0	0,0	1,0	4173	49	1	1.0	NA,1.0	0.0,NA	1.0
4823	0,1	3,7	3,0	3,5	326	49	0.710213549763	1.0	0.0,0.021	0.131,0.0	-0.055
4825	0,1	3,4	0,1	0,1	667	49	1	1.0	0.0,0.018	NA,0.068	-0.059
4893	1,3	3,5	0,0	5,0	505	49	1	1.0	0.031,0.055	0.0,NA	0.043
4894	4,3	2,3	0,2	2,2	453	49	0.0492057118873	1.0	0.178,0.098	0.0,0.098	0.089
4900	0,0	1,0	0,1	0,0	1155	49	1	1.0	0.0,NA	NA,1.0	-1.0
4903	0,0	1,0	2,1	0,0	772	49	1	1.0	0.0,NA	1.0,1.0	-1.0
4906	2,0	0,0	0,0	1,1	491	49	1	1.0	1.0,NA	0.0,0.0	1.0
5006	0,0	1,0	1,2	0,1	225	49	1	1.0	0.0,NA	1.0,0.303	-0.651
5008	0,2	0,0	0,0	0,1	378	49	1	1.0	NA,1.0	NA,0.0	1.0
5058	1,0	0,0	0,0	0,2	199	49	1	1.0	1.0,NA	NA,0.0	1.0
5064	0,0	0,1	0,1	0,0	142	49	1	1.0	NA,0.0	NA,1.0	-1.0
5089	4,2	0,0	2,0	1,0	312	49	1	1.0	1.0,1.0	0.239,NA	0.761
5090	3,2	5,1	2,0	4,4	305	49	0.125074685544	1.0	0.088,0.243	0.074,0.0	0.128
5199	2,0	1,1	0,0	1,0	138	49	1	1.0	0.415,0.0	0.0,NA	0.207
5257	0,0	0,1	1,0	0,0	350	49	1	1.0	NA,0.0	1.0,NA	-1.0
5272	0,0	1,0	1,0	0,0	1518	49	1	1.0	0.0,NA	1.0,NA	-1.0
5288	0,2	4,4	2,1	5,2	178	49	0.327011149281	1.0	0.0,0.121	0.099,0.121	-0.05
5351	2,3	1,1	2,0	0,1	3066	49	0.616498710756	1.0	0.031,0.046	1.0,0.0	-0.462
5513	0,0	0,1	1,0	1,1	1624	49	1	1.0	NA,0.0	0.029,0.0	-0.015
5525	1,1	1,1	3,0	0,0	924	49	1	1.0	0.05,0.05	1.0,NA	-0.95
5541	0,1	0,0	0,0	1,0	206	49	1	1.0	NA,1.0	0.0,NA	1.0
5577	0,0	1,1	0,1	2,0	293	49	1	1.0	0.0,0.0	0.0,1.0	-0.5
5590	1,1	1,1	0,0	0,1	282	49	1	1.0	0.148,0.148	NA,0.0	0.148
5623	0,0	3,4	0,1	1,0	307	49	1	1.0	0.0,0.0	0.0,1.0	-0.5
5641	2,1	1,0	2,0	0,0	1640	49	1	1.0	0.056,1.0	1.0,NA	-0.472
5667	1,1	4,4	0,1	1,1	153	49	0.25788279514	1.0	0.074,0.074	0.0,0.243	-0.048
5912	1,0	3,2	0,0	0,1	300	49	1	1.0	0.052,0.0	NA,0.0	0.026
5979	0,1	0,0	0,0	1,3	479	49	1	1.0	NA,1.0	0.0,0.0	1.0
5991	0,1	0,2	0,2	4,1	676	49	1	1.0	NA,0.035	0.0,0.127	-0.028
6010	0,1	1,2	0,0	3,2	242	49	1	1.0	0.0,0.092	0.0,0.0	0.046
