ID
13
14
87
230
255
257
272
324
334
370
371
373
374
376
489
526
541
574
619
663
676
711
727
729
791
797
894
907
962
969
1004
1005
1014
1064
1086
1179
1287
1291
1434
1460
1493
1494
1497
1499
1535
1586
1602
1642
1765
1767
1793
1794
1912
1930
1931
2022
2044
2074
2097
2098
2110
2112
2224
2262
2264
2366
2369
2372
2373
2431
2497
2652
2727
2803
2804
2815
2916
3038
3237
3364
3568
3631
3754
3779
3949
3967
4028
4031
4055
4120
4252
4324
4327
4368
4383
4581
4588
4823
4825
4893
4894
4900
4903
4906
5006
5008
5058
5064
5089
5090
5199
5257
5272
5288
5351
5513
5525
5541
5577
5590
5623
5641
5667
5912
5979
5991
6010
