ID
569
1337
1901
2076
2229
3163
3799
4937
7137
7324
7595
8081
8411
9104
9430
9864
10100
10449
11349
12165
12248
12333
12334
12464
12593
12895
13459
13600
14034
14879
14952
15844
16384
16555
16641
17364
17404
18471
20001
21128
21365
21425
21510
21511
21875
22431
22926
23391
24073
25374
25393
25467
26078
26079
26596
26597
26644
27986
28583
28817
29089
29643
30248
31132
31133
31161
31751
31999
32195
32196
32451
32953
33419
33948
33952
33953
34440
34627
36125
36373
36479
36480
37357
37730
38241
38413
38414
38415
40660
