ID	IJC_SAMPLE_1	SJC_SAMPLE_1	IJC_SAMPLE_2	SJC_SAMPLE_2	IncFormLen	SkipFormLen
13	1,0	1,0	1,0	0,0	139	49
14	2,1	1,2	2,1	1,1	571	49
87	0,2	1,1	0,0	0,1	3354	49
230	1,0	4,4	1,1	4,1	1129	49
255	0,0	1,1	0,2	0,3	141	49
257	0,0	0,1	2,0	1,0	515	49
272	2,0	0,0	0,0	0,1	2208	49
324	1,0	2,3	1,0	0,0	137	49
334	2,0	2,0	1,2	0,0	1285	49
370	1,1	1,1	0,1	0,0	368	49
371	1,0	3,1	0,1	0,1	358	49
373	0,1	7,3	0,0	1,2	226	49
374	1,0	2,4	0,0	1,1	224	49
376	0,1	4,2	0,0	4,1	374	49
489	1,2	0,1	0,2	0,0	2537	49
526	0,0	0,1	0,1	0,0	137	49
541	0,1	0,0	0,0	0,1	316	49
574	0,0	1,0	2,0	1,0	140	49
619	0,0	3,0	1,0	1,0	938	49
663	0,1	0,0	0,0	0,1	124	49
676	0,0	0,1	0,1	0,0	752	49
711	0,2	0,0	0,0	0,1	2884	49
727	1,0	5,4	0,2	2,1	128	49
729	1,0	0,2	0,3	1,1	422	49
791	0,1	1,0	2,3	1,0	1285	49
797	1,0	1,0	0,2	0,0	1333	49
894	0,1	3,3	0,0	3,1	598	49
907	1,1	0,0	0,0	1,1	195	49
962	0,1	0,0	0,0	0,1	315	49
969	0,1	0,1	1,0	0,1	530	49
1004	1,0	3,0	1,0	3,0	412	49
1005	0,3	0,0	1,0	1,1	169	49
1014	0,1	2,3	0,1	1,2	145	49
1064	1,1	3,0	0,1	0,1	212	49
1086	1,0	0,0	0,0	0,1	2827	49
1179	1,0	0,0	0,0	1,0	143	49
1287	0,0	6,5	0,1	2,5	275	49
1291	2,0	2,6	0,2	1,1	288	49
1434	1,2	14,15	1,2	14,11	157	49
1460	1,0	1,0	0,0	0,1	122	49
1493	0,1	0,1	1,0	0,0	145	49
1494	0,0	1,0	1,0	1,0	170	49
1497	8,6	0,0	9,10	1,0	2504	49
1499	1,2	0,1	1,0	0,0	222	49
1535	0,1	0,0	4,0	0,1	793	49
1586	0,0	1,0	4,0	0,0	1103	49
1602	0,0	1,0	1,0	1,0	226	49
1642	0,1	0,3	0,0	1,2	557	49
1765	0,2	5,2	0,0	1,0	441	49
1767	2,0	3,2	1,2	1,0	1358	49
1793	1,1	4,1	0,0	1,0	122	49
1794	2,0	4,2	3,2	1,3	402	49
1912	0,1	0,1	0,0	4,1	133	49
1930	3,0	1,0	1,1	0,0	255	49
1931	0,1	0,0	1,1	0,1	520	49
2022	0,0	3,0	2,0	0,2	583	49
2044	0,1	0,0	0,0	1,0	1050	49
2074	0,0	1,1	0,1	2,0	133	49
2097	2,2	7,6	3,4	4,4	490	49
2098	1,0	4,3	0,0	5,6	183	49
2110	0,1	1,0	0,1	1,0	647	49
2112	0,1	0,1	0,0	1,0	217	49
2224	3,0	0,0	0,2	1,0	579	49
2262	1,0	1,4	0,0	5,4	243	49
2264	0,1	3,3	0,2	3,0	370	49
2366	0,3	1,1	1,0	0,0	230	49
2369	1,0	0,1	0,0	1,0	217	49
2372	1,0	1,0	1,0	0,0	276	49
2373	0,0	1,0	0,1	1,0	331	49
2431	0,0	1,0	0,2	0,0	551	49
2497	1,0	6,3	0,0	0,2	675	49
2652	0,2	4,4	0,0	1,0	1497	49
2727	1,0	0,0	0,0	1,0	1273	49
2803	0,0	1,1	1,0	1,0	501	49
2804	0,0	1,0	1,0	1,0	355	49
2815	0,0	0,1	0,1	0,0	185	49
2916	0,0	1,1	2,2	0,0	759	49
3038	0,0	5,2	1,0	1,2	261	49
3237	1,0	0,0	0,1	0,1	354	49
3364	0,1	0,2	0,3	2,1	270	49
3568	0,0	0,1	1,0	1,0	128	49
3631	0,0	0,1	1,0	0,0	217	49
3754	0,0	0,1	2,0	0,0	1695	49
3779	0,1	0,2	1,0	2,2	150	49
3949	3,2	2,1	1,2	1,0	1894	49
3967	1,0	0,1	0,2	3,1	660	49
4028	0,0	0,1	0,1	0,0	134	49
4031	0,0	0,2	0,1	0,0	554	49
4055	0,1	0,1	0,0	0,4	519	49
4120	1,1	0,0	0,3	1,0	354	49
4252	0,0	3,2	0,1	1,1	478	49
4324	0,1	0,1	0,1	0,0	140	49
4327	0,0	0,1	0,1	0,0	124	49
4368	2,3	2,6	1,0	5,3	158	49
4383	3,0	6,5	0,2	1,2	1055	49
4581	0,0	0,1	2,0	0,0	2686	49
4588	0,2	0,0	0,0	1,0	4173	49
4823	0,1	3,7	3,0	3,5	326	49
4825	0,1	3,4	0,1	0,1	667	49
4893	1,3	3,5	0,0	5,0	505	49
4894	4,3	2,3	0,2	2,2	453	49
4900	0,0	1,0	0,1	0,0	1155	49
4903	0,0	1,0	2,1	0,0	772	49
4906	2,0	0,0	0,0	1,1	491	49
5006	0,0	1,0	1,2	0,1	225	49
5008	0,2	0,0	0,0	0,1	378	49
5058	1,0	0,0	0,0	0,2	199	49
5064	0,0	0,1	0,1	0,0	142	49
5089	4,2	0,0	2,0	1,0	312	49
5090	3,2	5,1	2,0	4,4	305	49
5199	2,0	1,1	0,0	1,0	138	49
5257	0,0	0,1	1,0	0,0	350	49
5272	0,0	1,0	1,0	0,0	1518	49
5288	0,2	4,4	2,1	5,2	178	49
5351	2,3	1,1	2,0	0,1	3066	49
5513	0,0	0,1	1,0	1,1	1624	49
5525	1,1	1,1	3,0	0,0	924	49
5541	0,1	0,0	0,0	1,0	206	49
5577	0,0	1,1	0,1	2,0	293	49
5590	1,1	1,1	0,0	0,1	282	49
5623	0,0	3,4	0,1	1,0	307	49
5641	2,1	1,0	2,0	0,0	1640	49
5667	1,1	4,4	0,1	1,1	153	49
5912	1,0	3,2	0,0	0,1	300	49
5979	0,1	0,0	0,0	1,3	479	49
5991	0,1	0,2	0,2	4,1	676	49
6010	0,1	1,2	0,0	3,2	242	49
